0.00044 0.0048 1.26301e-005 0.00630849 -0.00349224 -0.00630849 0.00349224 -1.#IND 0.0072106 0
2.017e-005 0.00503241 1.05558e-005 -0.000588999 -0.000372752 0.000842398 0.000232476 -0.040168 0.000697039 0
0.000169406 0.00507359 1.05032e-005 0.000833785 -0.00272476 0.00691669 0.00486366 9.20049 0.00284948 0
0.000458357 0.00527678 1.0403e-005 0.00408034 -0.00348554 -0.00314504 0.00414322 0.135224 0.00536639 0
0.000143853 0.0056911 1.00192e-005 -0.00239971 0.00106286 0.0038276 -0.00294394 -0.454014 0.00262455 0
0.000328779 0.00554887 9.71938e-006 0.000869347 0.000568446 -0.000877003 -0.000562559 -0.002 0.0010387 0
0.000241079 0.00549261 9.71341e-006 -0.000999549 -9.15812e-005 0.00174066 0.00056697 -0.845048 0.00100374 0
0.000287559 0.00550775 9.68935e-006 -1.95372e-005 6.04443e-005 9.58528e-006 -6.36859e-005 -0.00571733 6.35234e-005 0
0.000288518 0.00550138 9.68919e-006 1.81503e-006 -1.33542e-005 -3.89544e-006 2.71766e-005 -0.217041 1.34769e-005 0
0.000288356 0.00550251 9.68918e-006 -1.88005e-006 -2.49799e-007 1.84706e-006 4.79976e-007 0.00846968 1.89658e-006 0
0.000288541 0.00550256 9.68918e-006 2.01904e-006 2.64453e-007 -4.00446e-006 -7.80382e-007 -1.07491 2.03629e-006 0
0.000288445 0.00550254 9.68918e-006 -1.34821e-008 6.90013e-008 6.82973e-009 -7.02977e-008 0.00166123 7.03061e-008 0
0.000288445 0.00550253 9.68918e-006 2.58189e-009 -1.26552e-008 -3.83504e-009 2.55538e-008 -0.183485 1.29159e-008 0
0.000288445 0.00550253 9.68918e-006 -1.07718e-009 -1.61642e-010 1.05507e-009 3.08968e-010 0.00576531 1.08924e-009 0
0.000288445 0.00550253 9.68918e-006 1.14925e-009 1.72445e-010 -2.2749e-009 -5.02084e-010 -1.0669 1.16211e-009 0
0.000288445 0.00550253 9.68918e-006 -9.83358e-012 4.4555e-011 5.03307e-012 -4.56145e-011 0.0021102 4.56273e-011 0
0.000288445 0.00550253 9.68918e-006 1.86335e-012 -8.44389e-012 -2.8172e-012 1.70886e-011 -0.189516 8.64704e-012 0
0.000288445 0.00550253 9.68918e-006 -7.94159e-013 -1.30875e-013 7.74912e-013 2.47622e-013 0.00683187 8.04871e-013 0
0.000288445 0.00550253 9.68918e-006 8.40582e-013 1.38362e-013 -1.66076e-012 -4.0045e-013 -1.05842 8.51893e-013 0
0.000288445 0.00550253 9.68918e-006 -8.52183e-015 3.52322e-014 4.45071e-015 -3.62138e-014 0.00245135 3.62482e-014 0
0.000288445 0.00550253 9.68918e-006 1.67574e-015 -6.93178e-015 -2.55146e-015 1.40572e-014 -0.19676 7.13145e-015 0
0.000288445 0.00550253 9.68918e-006 -4.02716e-015 9.53013e-015 5.85439e-015 -1.95972e-014 -0.71615 1.03461e-014 0
0.000288445 0.00550253 9.68918e-006 1.1189e-015 2.96177e-016 -1.05697e-015 -5.03482e-016 0.0105783 1.15743e-015 0
0.000288445 0.00550253 9.68918e-006 -1.07553e-015 -2.70129e-016 2.09283e-015 7.54714e-016 -0.962468 1.10893e-015 0
0.000288445 0.00550253 9.68918e-006 3.31592e-015 5.71587e-016 -6.50103e-015 -1.7202e-015 -1.52192 3.36483e-015 0
0.000288445 0.00550253 9.68918e-006 -1.04135e-014 -1.27172e-015 2.0604e-014 3.96815e-015 -1.56751 1.04909e-014 0
0.000288445 0.00550253 9.68918e-006 3.31133e-014 2.85404e-015 -6.58449e-014 -9.15786e-015 -1.5886 3.3236e-014 0
0.000288445 0.00550253 9.68918e-006 -1.43115e-016 6.96757e-016 1.37226e-016 -6.97577e-016 8.94379e-005 7.11304e-016 0
0.000288445 0.00550253 9.68918e-006 1.39645e-016 -1.03235e-016 -1.6215e-016 2.17639e-016 -0.164002 1.73661e-016 0
0.000288445 0.00550253 9.68918e-006 -1.32706e-016 1.39967e-016 2.53907e-016 -3.02642e-016 -0.747455 1.92877e-016 0
0.000288445 0.00550253 9.68918e-006 -1.38778e-017 -4.55389e-017 -5.86024e-020 6.21502e-017 -0.0548879 4.76065e-017 0
